0.0
0.0
0.0
0.0
0.0
0.0
0.0
0.0
0.0
0.0
0.0
0.0
0.0
0.0
0.0
0.0
0.0
0.0
0.0
0.0
0.0
0.0
0.0
0.0
0.0
36.0,70.0,92.0
0.0
40.0,74.0,96.0
43.0,82.0,88.0,99.0
56.0,90.0
0.0
44.0,83.0,89.0
3.0,78.0
11.0,17.0,28.0
16.0,38.0,48.0
6.0,40.0,62.0,72.0
0.0
0.0
33.0,55.0,65.0
15.0,49.0,71.0,81.0
65.0,99.0
37.0,71.0,93.0
6.0,12.0,23.0
10.0,44.0,66.0,76.0
5.0,16.0
5.0
18.0,40.0,50.0
49.0,83.0
12.0,51.0,57.0,68.0
91.0
92.0,94.0,99.0
24.0,26.0,31.0
59.0,61.0,66.0
47.0,53.0
23.0,25.0,30.0
58.0,85.0
14.0,33.0,94.0
48.0,75.0
1.0,52.0,71.0
56.0,58.0,63.0
9.0,11.0,16.0,89.0,95.0
13.0,32.0,93.0
20.0,22.0,27.0
0.0
0.0
19.0
89.0,91.0,96.0
57.0,63.0
0.0
24.0,43.0
1.0,62.0,89.0
13.0,74.0
27.0,29.0,34.0
53.0,55.0,60.0
6.0,8.0,13.0,86.0,92.0
0.0
0.0
66.0
9.0
96.0
40.0,69.0,72.0
44.0,73.0,76.0
21.0,44.0
47.0,75.0,98.0
22.0,50.0,73.0
0.0
23.0
79.0
6.0,34.0,57.0
34.0,62.0,85.0
2.0,30.0,53.0
80.0
6.0,29.0
44.0
66.0
76.0
21.0,49.0,72.0
44.0,72.0,95.0
23.0
95.0
23.0
55.0
70.0
48.0
47.0,95.0
66.0
8.0
6.0
62.0
28.0
45.0
7.0,94.0
89.0
20.0
69.0
33.0,81.0
54.0
8.0,79.0
55.0
7.0,94.0
24.0
99.0
2.0
57.0
55.0
0.0
0.0
0.0
0.0
0.0
0.0
0.0
0.0
0.0
0.0
0.0
0.0
0.0
0.0
0.0
0.0
0.0
0.0
0.0
0.0
0.0
0.0
0.0
0.0
0.0
11.0,22.0,72.0
58.0
3.0,28.0
24.0
17.0,27.0,62.0
12.0,23.0,73.0
5.0,16.0,66.0,95.0
56.0,67.0
5.0,15.0,50.0
40.0
9.0,59.0,88.0
87.0,98.0
16.0,41.0
25.0,36.0,86.0
5.0,15.0,50.0
35.0,46.0,96.0
1.0,12.0,62.0,91.0
57.0,68.0
6.0,87.0
17.0,42.0
18.0,29.0,79.0
20.0,31.0,81.0
27.0,56.0,81.0
38.0,49.0,99.0
3.0,32.0,57.0
45.0,53.0,60.0,62.0,79.0
20.0,35.0,60.0,72.0,79.0
32.0,47.0,72.0,84.0,91.0
15.0
19.0,45.0
8.0
90.0
4.0,30.0
25.0,51.0
12.0,47.0,73.0
48.0,63.0,88.0
41.0,56.0,81.0,93.0
26.0,34.0,41.0,43.0,60.0,95.0
30.0,38.0,45.0,47.0,64.0,99.0
14.0,39.0,51.0,58.0
44.0,59.0,84.0,96.0
12.0,38.0
4.0,74.0,82.0,89.0,91.0
76.0,91.0
23.0,31.0,38.0,40.0,57.0,92.0
63.0,71.0,78.0,80.0,97.0
17.0
5.0
65.0
65.0,73.0
99.0
18.0,26.0
38.0,74.0,85.0
30.0,38.0
92.0
34.0,70.0,81.0
48.0,84.0,95.0
10.0,33.0,98.0
8.0,44.0,55.0,78.0
28.0,97.0
24.0,35.0,58.0
27.0,63.0,74.0,97.0
24.0,35.0,58.0
17.0,82.0,90.0
2.0
6.0,14.0
82.0
0.0
9.0,20.0,43.0
6.0,75.0
49.0
90.0
9.0,17.0
0.0
2.0,37.0,56.0
41.0,76.0,95.0
58.0,80.0
64.0,86.0
8.0,27.0
38.0,73.0,92.0
52.0,74.0
1.0,19.0,22.0,26.0,74.0
85.0
87.0
21.0,84.0
0.0
18.0,53.0,72.0
4.0,7.0,11.0,59.0,94.0
19.0,61.0
40.0,75.0,94.0
11.0,29.0,32.0,36.0,84.0
12.0,30.0,33.0,37.0,85.0
14.0,33.0
5.0,40.0,59.0
79.0
57.0,79.0
12.0,31.0
0.0
0.0
0.0
0.0
0.0
0.0
0.0
0.0
0.0
0.0
0.0
0.0
0.0
0.0
0.0
0.0
0.0
0.0
0.0
0.0
0.0
0.0
0.0
0.0
0.0
19.0
0.0
35.0,42.0
23.0
86.0,93.0
7.0
0.0
33.0,40.0
0.0
60.0,67.0
22.0,70.0
73.0,80.0
5.0,82.0
58.0
12.0
22.0,70.0
82.0,89.0
0.0
21.0
0.0
1.0,8.0,85.0
77.0,84.0
50.0,57.0
64.0,71.0
0.0
64.0,70.0,84.0
21.0,63.0
7.0,50.0,91.0
5.0,48.0,89.0
10.0,23.0,89.0,95.0
4.0,45.0,71.0
30.0,56.0,98.0
8.0,92.0
2.0,43.0,69.0
18.0,59.0,85.0
22.0,48.0,90.0
38.0,51.0
7.0,33.0,75.0
7.0,73.0,79.0,93.0
43.0,56.0
32.0,58.0
11.0,37.0,79.0
51.0,57.0,71.0,94.0
76.0,89.0
29.0
53.0,66.0
13.0,56.0,97.0
23.0,36.0
76.0,89.0
0.0
18.0,56.0
29.0,64.0,65.0,97.0
0.0
7.0
16.0,51.0,52.0,84.0,91.0
5.0,66.0
0.0
47.0,82.0,83.0
13.0,48.0,49.0,81.0,88.0
75.0
42.0
40.0,75.0,76.0
23.0,61.0
80.0
93.0
0.0
45.0,80.0,81.0
4.0,42.0,80.0
48.0
9.0,47.0,85.0
20.0,55.0,56.0,88.0,95.0
84.0
0.0
5.0,17.0,44.0,65.0,70.0
35.0,85.0
45.0,57.0,84.0
5.0,61.0,73.0
8.0,20.0,47.0,68.0,73.0
6.0,62.0,74.0
4.0,98.0
50.0,62.0,89.0
3.0,59.0,71.0,98.0
17.0,38.0,43.0
76.0
32.0,44.0,71.0,92.0,97.0
1.0,28.0,49.0,54.0
12.0,17.0,75.0
93.0
39.0,89.0
28.0,84.0,96.0
22.0,43.0,48.0
19.0,75.0,87.0
42.0,92.0
26.0,47.0,52.0
2.0,7.0,65.0
56.0
62.0
38.0,50.0,77.0,98.0
0.0
0.0
0.0
0.0
0.0
0.0
0.0
0.0
0.0
0.0
0.0
0.0
0.0
0.0
0.0
0.0
0.0
0.0
0.0
0.0
0.0
0.0
0.0
0.0
0.0
0.0
0.0
3.0
20.0
42.0
24.0
0.0
47.0
17.0,81.0
18.0,82.0
2.0,66.0
29.0
0.0
0.0
0.0
6.0,70.0
60.0
3.0
0.0
88.0,98.0
0.0
44.0
0.0
84.0,94.0
15.0
12.0,30.0,35.0
90.0
0.0
1.0
8.0,13.0
51.0,69.0,74.0
86.0
20.0,38.0,43.0
29.0,47.0,52.0
63.0
84.0
2.0
46.0,64.0,69.0
65.0,83.0,88.0
30.0
60.0
91.0
7.0,18.0,19.0,25.0
27.0,45.0,50.0
79.0
62.0,80.0,85.0
31.0,49.0,54.0
3.0
92.0
46.0,74.0
19.0,46.0
37.0,65.0
38.0,65.0
9.0,36.0
27.0
42.0,69.0
83.0
8.0,92.0
58.0,85.0
10.0,38.0,82.0
8.0,36.0,80.0
25.0
34.0,61.0
14.0
2.0,30.0,74.0
56.0,83.0
1.0,29.0,73.0
30.0,58.0
30.0
20.0,48.0,92.0
29.0,56.0
5.0,33.0,77.0
17.0
0.0
31.0
31.0
0.0
24.0
66.0
9.0
73.0
95.0
19.0
6.0,40.0
59.0
21.0,55.0
12.0,46.0
28.0
16.0
88.0
44.0,78.0
5.0,39.0
57.0
4.0
60.0
55.0
28.0
0.0
0.0
0.0
0.0
0.0
0.0
0.0
0.0
0.0
0.0
0.0
0.0
0.0
0.0
0.0
0.0
0.0
0.0
0.0
0.0
0.0
0.0
0.0
0.0
0.0
0.0
0.0
0.0
87.0,91.0
0.0
0.0
0.0
94.0,98.0
0.0
0.0
0.0
91.0,95.0
86.0,90.0
0.0
0.0
0.0
0.0
76.0,80.0
0.0
87.0,91.0
0.0
0.0
0.0
0.0
0.0
86.0
74.0
80.0
49.0
88.0
0.0
49.0
34.0
0.0
88.0
0.0
94.0
99.0
2.0
5.0
91.0
86.0
73.0
21.0
91.0
22.0
82.0
5.0
77.0
39.0
75.0
40.0
58.0
81.0
19.0
39.0
32.0
14.0,98.0
65.0
3.0,87.0
17.0
52.0
40.0
47.0
41.0
45.0
5.0,89.0
81.0
12.0,96.0
23.0
75.0
36.0
0.0
0.0
0.0
0.0
0.0
0.0
0.0
0.0
0.0
0.0
0.0
0.0
0.0
0.0
0.0
0.0
0.0
0.0
0.0
0.0
0.0
0.0
0.0
0.0
0.0
0.0
0.0
0.0
0.0
0.0
0.0
0.0
0.0
0.0
0.0
0.0
0.0
0.0
0.0
0.0
0.0
0.0
0.0
0.0
0.0
0.0
0.0
0.0
0.0
0.0
47.0
38.0
60.0
63.0
64.0
57.0
69.0
25.0,99.0
68.0
17.0,91.0
27.0
74.0
67.0
66.0
9.0,83.0
28.0
16.0,90.0
40.0
25.0,99.0
61.0
5.0,79.0
62.0
43.0
31.0
57.0
7.0,34.0,76.0,78.0
27.0,54.0,96.0,98.0
48.0,75.0
25.0,67.0,69.0
19.0,61.0,63.0
24.0,51.0,93.0,95.0
24.0,66.0,68.0
26.0,53.0,95.0,97.0
13.0,40.0,82.0,84.0
29.0,56.0,98.0
37.0,64.0
50.0,77.0
5.0,32.0,74.0,76.0
13.0,40.0,82.0,84.0
24.0,51.0,93.0,95.0
22.0,49.0,91.0,93.0
22.0,64.0,66.0
19.0,46.0,88.0,90.0
10.0,37.0,79.0,81.0
21.0,48.0,90.0,92.0
8.0,35.0,77.0,79.0
27.0,54.0,96.0,98.0
0.0
0.0
0.0
0.0
0.0
0.0
0.0
0.0
0.0
0.0
0.0
0.0
0.0
0.0
0.0
0.0
0.0
0.0
0.0
0.0
0.0
0.0
0.0
0.0
0.0
0.0
0.0
0.0
0.0
0.0
0.0
0.0
0.0
0.0
0.0
0.0
0.0
0.0
0.0
0.0
0.0
0.0
0.0
0.0
0.0
0.0
0.0
0.0
0.0
0.0
0.0
0.0
0.0
0.0
0.0
0.0
0.0
0.0
0.0
0.0
0.0
0.0
0.0
0.0
0.0
0.0
0.0
0.0
0.0
0.0
0.0
0.0
0.0
0.0
0.0
0.0
0.0
80.0
0.0
48.0,51.0
68.0
23.0
42.0
30.0
0.0
70.0,73.0
18.0
36.0
76.0,79.0
68.0,71.0
80.0,83.0
26.0
28.0
44.0
36.0
40.0
15.0
0.0
86.0
66.0
35.0
97.0
1.0,81.0
0.0
52.0
18.0
66.0
0.0
26.0
96.0
79.0
18.0
32.0,34.0
74.0
40.0,65.0
73.0
0.0
78.0
39.0,64.0
0.0
66.0
0.0
31.0,33.0
22.0,24.0
0.0
26.0,77.0
43.0
0.0
0.0
34.0,85.0
28.0,79.0
24.0,75.0
0.0
0.0
0.0
0.0
0.0
0.0
0.0
37.0,88.0
0.0
0.0
93.0
39.0,90.0
0.0
0.0
0.0
28.0
0.0
95.0
0.0
47.0
72.0
95.0
82.0
44.0,66.0,86.0
9.0,29.0
15.0,35.0
19.0,24.0
49.0,71.0,91.0
48.0
8.0,28.0
0.0
25.0,47.0,67.0
14.0
32.0,54.0,74.0
13.0,18.0
16.0,36.0
5.0
71.0
3.0,25.0,45.0
60.0
78.0
63.0,85.0
0.0
0.0
0.0
0.0
0.0
0.0
0.0
0.0
0.0
0.0
0.0
0.0
0.0
0.0
0.0
0.0
0.0
0.0
0.0
0.0
0.0
0.0
0.0
0.0
0.0
4.0,72.0
6.0,70.0
64.0
38.0
13.0
31.0,95.0
19.0,87.0
61.0
58.0
40.0
46.0
17.0
33.0
32.0
47.0
11.0
18.0,82.0
30.0
58.0
55.0
27.0,91.0
68.0
35.0
21.0,89.0
8.0,76.0
74.0,92.0,94.0
28.0,46.0,48.0
16.0,34.0,36.0,99.0
60.0,78.0,80.0
37.0,61.0,80.0
3.0,65.0,89.0
21.0,40.0,74.0
56.0,80.0,99.0
60.0,78.0,80.0
22.0,40.0,42.0
26.0,88.0
9.0,71.0,95.0
13.0,31.0,33.0,96.0
17.0,19.0,82.0
74.0,92.0,94.0
39.0
12.0,36.0,55.0,89.0
33.0,57.0,76.0
59.0
7.0,9.0,72.0
18.0,42.0,61.0,95.0
31.0,93.0
40.0
9.0
9.0,13.0,67.0
26.0,30.0,84.0
0.0
31.0,35.0,89.0
47.0,81.0
0.0
33.0,37.0,91.0
19.0
0.0
0.0
0.0
7.0,11.0,65.0,99.0
19.0,23.0,77.0
13.0,17.0,71.0
0.0
0.0
33.0,37.0,91.0
25.0
27.0,31.0,85.0
46.0,80.0
23.0
0.0
17.0,51.0
0.0
72.0
53.0
68.0
35.0,59.0
80.0
40.0
9.0
0.0
2.0
26.0
24.0
67.0
38.0
4.0,28.0
25.0
0.0
36.0
90.0
12.0
39.0
0.0
56.0
0.0
40.0
59.0
0.0
0.0
0.0
0.0
0.0
0.0
0.0
0.0
0.0
0.0
0.0
0.0
0.0
0.0
0.0
0.0
0.0
0.0
0.0
0.0
0.0
0.0
0.0
0.0
0.0
0.0
87.0
0.0
31.0
0.0
99.0
36.0
0.0
70.0
78.0
0.0
0.0
0.0
16.0
0.0
0.0
0.0
0.0
94.0
0.0
0.0
91.0
0.0
34.0
99.0
38.0
15.0,95.0
24.0,61.0,75.0
2.0,93.0
53.0
56.0
2.0,16.0,46.0
6.0,86.0
62.0,99.0
64.0
9.0,89.0
18.0,32.0,62.0
34.0,71.0,85.0
29.0
46.0,83.0,97.0
5.0,85.0
20.0
40.0
22.0,59.0,73.0
9.0,89.0
4.0,95.0
59.0,96.0
5.0,42.0,56.0,86.0
7.0,87.0
77.0
52.0
0.0
86.0
0.0
87.0,94.0
71.0
45.0
0.0
89.0
10.0
0.0
0.0
95.0
0.0
0.0
17.0
69.0
11.0
60.0
0.0
0.0
0.0
0.0
99.0
0.0
63.0,81.0,96.0
11.0,26.0,72.0
42.0
36.0
11.0,26.0,72.0
56.0,74.0,89.0
42.0,60.0,75.0
56.0,74.0,89.0
58.0
2.0,60.0
54.0,72.0,87.0
35.0
50.0,94.0
47.0,65.0,80.0
68.0,86.0
6.0,50.0
58.0
33.0,51.0,66.0
38.0,82.0
19.0,37.0,52.0,98.0
76.0,94.0
1.0,47.0
6.0,50.0
54.0,72.0,87.0
32.0,50.0,65.0
0.0
0.0
0.0
0.0
0.0
0.0
0.0
0.0
0.0
0.0
0.0
0.0
0.0
0.0
0.0
0.0
0.0
0.0
0.0
0.0
0.0
0.0
0.0
0.0
0.0
0.0
0.0
0.0
0.0
0.0
0.0
0.0
33.0
0.0
0.0
0.0
0.0
0.0
0.0
0.0
0.0
0.0
0.0
0.0
0.0
0.0
0.0
0.0
0.0
7.0
39.0
48.0
90.0
90.0
43.0
93.0
56.0
51.0
23.0
0.0
41.0
83.0
36.0
48.0
72.0
19.0
0.0
89.0
0.0
42.0
0.0
21.0
23.0
17.0
26.0
48.0,88.0
28.0,68.0
16.0,50.0
90.0
34.0
7.0
34.0
32.0
14.0
51.0,91.0
1.0,25.0,59.0
44.0,84.0
4.0,38.0
38.0,78.0
7.0,31.0,65.0
24.0
31.0,71.0
64.0
29.0,69.0
0.0
25.0
41.0,81.0
12.0,52.0
22.0
34.0
33.0
6.0,85.0
11.0,33.0,45.0,57.0
49.0,71.0,83.0,95.0
6.0,28.0,40.0,52.0
9.0,21.0,80.0
1.0,60.0
38.0,60.0,72.0,84.0
55.0,77.0,89.0
15.0,94.0
8.0,20.0,32.0,91.0
1.0,36.0
44.0,66.0,78.0,90.0
15.0,50.0
11.0,70.0
44.0,66.0,78.0,90.0
47.0,69.0,81.0,93.0
56.0
49.0,71.0,83.0,95.0
6.0,18.0,30.0,89.0
47.0
31.0,66.0
20.0,99.0
28.0
50.0,72.0,84.0,96.0
0.0
0.0
0.0
0.0
0.0
0.0
0.0
0.0
0.0
0.0
0.0
0.0
0.0
0.0
0.0
0.0
0.0
0.0
0.0
0.0
0.0
0.0
0.0
0.0
0.0
70.0,92.0
0.0
0.0
39.0,61.0
0.0
0.0
0.0
24.0,46.0
0.0
0.0
30.0,52.0
0.0
0.0
0.0
0.0
0.0
0.0
0.0
0.0
26.0,48.0
19.0
0.0
7.0
8.0,81.0
0.0
5.0
18.0
57.0,83.0,88.0
92.0
0.0
92.0
90.0
14.0
0.0
0.0
59.0
29.0
89.0
40.0,66.0,71.0,90.0
63.0
0.0
0.0
27.0
10.0
0.0
41.0
47.0,73.0,78.0,97.0
61.0
0.0
6.0,74.0
4.0,11.0,18.0,69.0,90.0
27.0
3.0,10.0,17.0,68.0,89.0
42.0,63.0,84.0
8.0,76.0
6.0,13.0,64.0,85.0
20.0,27.0,34.0,85.0
8.0,29.0,50.0
45.0
7.0,58.0,79.0
16.0,23.0,30.0,81.0
35.0,56.0,77.0
62.0,83.0
39.0
15.0,36.0
33.0,40.0,47.0,98.0
34.0
2.0,53.0,74.0,95.0
39.0,60.0,81.0
38.0
18.0,39.0
9.0,30.0,98.0
21.0,42.0
7.0,28.0,96.0
7.0,52.0
45.0,65.0
48.0,68.0
17.0,62.0
19.0,64.0
0.0
12.0
24.0,44.0
33.0,78.0
85.0
18.0,38.0
8.0,28.0
55.0
0.0
5.0
2.0
21.0,41.0
3.0
14.0,59.0
39.0,84.0
25.0,70.0
0.0
32.0,77.0
0.0
0.0
0.0
0.0
0.0
0.0
0.0
0.0
0.0
0.0
0.0
0.0
0.0
0.0
0.0
0.0
0.0
0.0
0.0
0.0
0.0
0.0
0.0
0.0
0.0
0.0
55.0
79.0
81.0,96.0
87.0
11.0,98.0
70.0,85.0
31.0
25.0
14.0
52.0
8.0,95.0
44.0
71.0
73.0
86.0
71.0
87.0
35.0
10.0,97.0
61.0
77.0
99.0
86.0
16.0
21.0
69.0,73.0
17.0,21.0
11.0,67.0
39.0
3.0
65.0,69.0
0.0
93.0
15.0,71.0
39.0
8.0,64.0
8.0,64.0
0.0
6.0,10.0
30.0,86.0
83.0
55.0
35.0,91.0
62.0
35.0,91.0
14.0,18.0
48.0
4.0,8.0
18.0,22.0
25.0,81.0
26.0
62.0
63.0,95.0
67.0
48.0
34.0
74.0
34.0,66.0,86.0
77.0
11.0,43.0,63.0
46.0,78.0,98.0
18.0,50.0,70.0
14.0,34.0
10.0,42.0,62.0
32.0
18.0,38.0
40.0
70.0
65.0
49.0
47.0,79.0,99.0
39.0,71.0,91.0
14.0,98.0
32.0
14.0,82.0
20.0,42.0
13.0
0.0
96.0
53.0,75.0
39.0,85.0,95.0
15.0
3.0
36.0,58.0
24.0
16.0,38.0
8.0
57.0,79.0
53.0,99.0
96.0
51.0,97.0
76.0
20.0,66.0,76.0
3.0
92.0
30.0
34.0,80.0,90.0
38.0,84.0,94.0
86.0
91.0
0.0
0.0
0.0
0.0
0.0
0.0
0.0
0.0
0.0
0.0
0.0
0.0
0.0
0.0
0.0
0.0
0.0
0.0
0.0
0.0
0.0
0.0
0.0
0.0
0.0
11.0
0.0
0.0
0.0
15.0
93.0
0.0
21.0,51.0
37.0
0.0
12.0,42.0
28.0
76.0
28.0
8.0,38.0
36.0
14.0
0.0
0.0
19.0,51.0,81.0
29.0
95.0
0.0
0.0
20.0
41.0
65.0,78.0,91.0
76.0
0.0
11.0
7.0,59.0,97.0
0.0
40.0,53.0,66.0
75.0
31.0,44.0,57.0
0.0
21.0,34.0,47.0,99.0
70.0
57.0,70.0,83.0
35.0,48.0,61.0
16.0
4.0
94.0
25.0,38.0,51.0
62.0
77.0,90.0
6.0,19.0,71.0
10.0,23.0,75.0
12.0,64.0
43.0,56.0,69.0
4.0,24.0
19.0,95.0
13.0
30.0
6.0,82.0
48.0,76.0
26.0,46.0
0.0
15.0
74.0,94.0
21.0,97.0
12.0
18.0,67.0
14.0
2.0,51.0
46.0,66.0
23.0,72.0
24.0,44.0
15.0,64.0
33.0,61.0
12.0
20.0
11.0,31.0
43.0,63.0
24.0,52.0
84.0,95.0
10.0,26.0,52.0,75.0
66.0,82.0
43.0,59.0,85.0
86.0
89.0
77.0,88.0
10.0,26.0,52.0,75.0
25.0,41.0,67.0,90.0
0.0
81.0,97.0
15.0
18.0
1.0,12.0
8.0,19.0
13.0
0.0
91.0
26.0,37.0
32.0,43.0
21.0,32.0
44.0,60.0,86.0
91.0
5.0,16.0
0.0
0.0
0.0
0.0
0.0
0.0
0.0
0.0
0.0
0.0
0.0
0.0
0.0
0.0
0.0
0.0
0.0
0.0
0.0
0.0
0.0
0.0
0.0
0.0
0.0
65.0,72.0,74.0
72.0,98.0
46.0,53.0,55.0
24.0,31.0,33.0
14.0
13.0,82.0,89.0,91.0
80.0
19.0,88.0,95.0,97.0
15.0,22.0,24.0
2.0,9.0,11.0
40.0,47.0,49.0
2.0,9.0,11.0
0.0
89.0
16.0
47.0
63.0,89.0
0.0
32.0
69.0,95.0
77.0
81.0
51.0
96.0
98.0
4.0
0.0
67.0
70.0
7.0,80.0
31.0
0.0
14.0
79.0
69.0
26.0
77.0
26.0,99.0
0.0
2.0
72.0
44.0
75.0
7.0
0.0
12.0
98.0
53.0
32.0
86.0
4.0,91.0
6.0
91.0
90.0
20.0,44.0
90.0
18.0,42.0
93.0
0.0
6.0,30.0
0.0
53.0,77.0
6.0
15.0,39.0
97.0
67.0,91.0
0.0
54.0
92.0
51.0
0.0
57.0,81.0
0.0
23.0,47.0
0.0
8.0,39.0,74.0,75.0
39.0,70.0
77.0
54.0
70.0
49.0
0.0
0.0
44.0,75.0
31.0
23.0,54.0,89.0,90.0
32.0,63.0,98.0,99.0
60.0
15.0,50.0,51.0
28.0,63.0,64.0
48.0,79.0
67.0
10.0,41.0,76.0,77.0
0.0
0.0
0.0
32.0,63.0,98.0,99.0
26.0
15.0,46.0,81.0,82.0
0.0
0.0
0.0
0.0
0.0
0.0
0.0
0.0
0.0
0.0
0.0
0.0
0.0
0.0
0.0
0.0
0.0
0.0
0.0
0.0
0.0
0.0
0.0
0.0
0.0
0.0
9.0,98.0
76.0,91.0
12.0,50.0,99.0
29.0
31.0
36.0,51.0,89.0
14.0,55.0
36.0,85.0
30.0,63.0
7.0,96.0
61.0
11.0
9.0,58.0,91.0
10.0,48.0,97.0
83.0
21.0,62.0
53.0,94.0
1.0,16.0,54.0
91.0
27.0
51.0,66.0
72.0
25.0,74.0
77.0
12.0,53.0
35.0
50.0
61.0
41.0,65.0
0.0
11.0,96.0
11.0,31.0
45.0,69.0
32.0,56.0
57.0,81.0
6.0,91.0
11.0,31.0
93.0
27.0,47.0
52.0
31.0,86.0
13.0
10.0,65.0
6.0,91.0
38.0
49.0
44.0,64.0
81.0
26.0,50.0
7.0,9.0,70.0,90.0
0.0
0.0
56.0,91.0
26.0
5.0,32.0,34.0,59.0,68.0
3.0,30.0,32.0,57.0,66.0
0.0
11.0
34.0,46.0,61.0,88.0,90.0
60.0,95.0
52.0,87.0,99.0
17.0,45.0
0.0
0.0
2.0
30.0
0.0
4.0,34.0
0.0
92.0
0.0
13.0,40.0,42.0,67.0,76.0
4.0,19.0,46.0,48.0,73.0,82.0
16.0,51.0,63.0,78.0
2.0
8.0,21.0
1.0
22.0,48.0,57.0,70.0
77.0,88.0,93.0,95.0
51.0,77.0,86.0,99.0
72.0
3.0,29.0,38.0,51.0
9.0,20.0,25.0,27.0
93.0
11.0,37.0,46.0,59.0
29.0,55.0,64.0,77.0
76.0
61.0,72.0,77.0,79.0
16.0,25.0,38.0
58.0,90.0
8.0,13.0,15.0
52.0,78.0,87.0
0.0
1.0,12.0,17.0,19.0
73.0
47.0,58.0,63.0,65.0
3.0,88.0
4.0,9.0,11.0
0.0
99.0
0.0
0.0
0.0
0.0
0.0
0.0
0.0
0.0
0.0
0.0
0.0
0.0
0.0
0.0
0.0
0.0
0.0
0.0
0.0
0.0
0.0
0.0
0.0
0.0
0.0
9.0,49.0
95.0
5.0,37.0,39.0,42.0,66.0,68.0,79.0
62.0,87.0
30.0,62.0,64.0,67.0,91.0,93.0
97.0
76.0,99.0
12.0,44.0,46.0,49.0,73.0,75.0,86.0
38.0,42.0,72.0
9.0
17.0,42.0,82.0
45.0,70.0
33.0,58.0,98.0
72.0,95.0
11.0,51.0
76.0,99.0
16.0,18.0,21.0,45.0,47.0,58.0
93.0
36.0,61.0
14.0,18.0,48.0,80.0,82.0,85.0
61.0,65.0,95.0
36.0,40.0,70.0
8.0,12.0,42.0,74.0,76.0,79.0
64.0,68.0,98.0
68.0,91.0
20.0,26.0,37.0
37.0,56.0,59.0
71.0,77.0,88.0
41.0,47.0,58.0
19.0,25.0,36.0
21.0,22.0,67.0
51.0
32.0,81.0
48.0,54.0,65.0
17.0,62.0,63.0
82.0
15.0,16.0,61.0
19.0,22.0,98.0
2.0,13.0
28.0,73.0,74.0
4.0,5.0,87.0
6.0,9.0,85.0,91.0
6.0,7.0,52.0,97.0,98.0
32.0,33.0
39.0,40.0,85.0
37.0,56.0,59.0
13.0,16.0,92.0,98.0
41.0,86.0,87.0
75.0,81.0,92.0
36.0,42.0,53.0
5.0,28.0,40.0,94.0
23.0,73.0
14.0,42.0,92.0
29.0
10.0,38.0,88.0
14.0,22.0,51.0,53.0,90.0,96.0
62.0,90.0
10.0,18.0,47.0,49.0,86.0,92.0
1.0,30.0,32.0,69.0,75.0,97.0
22.0,72.0
24.0
8.0,22.0,30.0,59.0,61.0,98.0
8.0,37.0,39.0,76.0,82.0
6.0,8.0,45.0,51.0,73.0
35.0,49.0,57.0,86.0,88.0
20.0,65.0,79.0,87.0
22.0
12.0,66.0
33.0,39.0,61.0
35.0,80.0,94.0
43.0,88.0
30.0
5.0,17.0,71.0
18.0,32.0,40.0,69.0,71.0
16.0,28.0,82.0
31.0,63.0,80.0
14.0,31.0,77.0
24.0,42.0,65.0,68.0
13.0,45.0,62.0
3.0,20.0,66.0
3.0,49.0
66.0,98.0
1.0,7.0,97.0
30.0,88.0,94.0
43.0
65.0,97.0
27.0,44.0,90.0
29.0,82.0
36.0,94.0
31.0,84.0
14.0,72.0,78.0,84.0
42.0,60.0,83.0,86.0
45.0,63.0,86.0,89.0
40.0,98.0
46.0,78.0,95.0
5.0,58.0
33.0,65.0,82.0
44.0,76.0,93.0
5.0,11.0
7.0,65.0,71.0,77.0
0.0
0.0
0.0
0.0
0.0
0.0
0.0
0.0
0.0
0.0
0.0
0.0
0.0
0.0
0.0
0.0
0.0
0.0
0.0
0.0
0.0
0.0
0.0
0.0
0.0
0.0
86.0
48.0
0.0
39.0
0.0
0.0
28.0
66.0
60.0
0.0
0.0
0.0
72.0
0.0
73.0
0.0
0.0
0.0
0.0
52.0
75.0
0.0
0.0
0.0
4.0,92.0
38.0,83.0
11.0,19.0,53.0
2.0,90.0
80.0
85.0
67.0,75.0
54.0,62.0,96.0
19.0,27.0,61.0
4.0,12.0,46.0
39.0,84.0
17.0,62.0
37.0,45.0,79.0
14.0,59.0
85.0
18.0,63.0
70.0
10.0,18.0,52.0
32.0,77.0
26.0
60.0
29.0
34.0,79.0
0.0
0.0
96.0,97.0
0.0
0.0
0.0
41.0,42.0
79.0,80.0
0.0
35.0,36.0
0.0
78.0,79.0
3.0,4.0
20.0,21.0
0.0
0.0
89.0,90.0
90.0,91.0
0.0
0.0
62.0,63.0
0.0
29.0,30.0
0.0
0.0
15.0,45.0,59.0
82.0
10.0,40.0,54.0
0.0
40.0,70.0,84.0
7.0,21.0
5.0,35.0,49.0
28.0,58.0,72.0
36.0,66.0,80.0
59.0,89.0
0.0
30.0,44.0
28.0,58.0,72.0
34.0,64.0,78.0
0.0
18.0,32.0
82.0
17.0,47.0,61.0
3.0,17.0
13.0,27.0
17.0,31.0
40.0,70.0,84.0
85.0
20.0,50.0,64.0
13.0
0.0
0.0
0.0
0.0
0.0
0.0
0.0
0.0
0.0
0.0
0.0
0.0
0.0
0.0
0.0
0.0
0.0
0.0
0.0
0.0
0.0
0.0
0.0
0.0
0.0
21.0
8.0
58.0
48.0
25.0
38.0
50.0
25.0
20.0
2.0
37.0
10.0
45.0
0.0
53.0
16.0
39.0
0.0
27.0
36.0
0.0
51.0
61.0
43.0
33.0
0.0
0.0
0.0
0.0
73.0
0.0
92.0
0.0
86.0
95.0
0.0
98.0
71.0
0.0
0.0
96.0
72.0
0.0
0.0
88.0
70.0
97.0
65.0
94.0
8.0
28.0,71.0
25.0
25.0
38.0
8.0,51.0
29.0
8.0,51.0
42.0
15.0
12.0,55.0
25.0,68.0
4.0,47.0
25.0,68.0
35.0
4.0,47.0
27.0
6.0
17.0
21.0,64.0
19.0
6.0,49.0
20.0,63.0
13.0,56.0
40.0
44.0
75.0
38.0
32.0
68.0
36.0
41.0
43.0
86.0
47.0
90.0
68.0
47.0
31.0
40.0
38.0
33.0
67.0
28.0,97.0
44.0
40.0
68.0
58.0
75.0
29.0,98.0
0.0
0.0
0.0
0.0
0.0
0.0
0.0
0.0
0.0
0.0
0.0
0.0
0.0
0.0
0.0
0.0
0.0
0.0
0.0
0.0
0.0
0.0
0.0
0.0
0.0
10.0
0.0
25.0
20.0
13.0
5.0
0.0
8.0
12.0
42.0
0.0
17.0
0.0
0.0
0.0
11.0
31.0
19.0
0.0
33.0
31.0
17.0
18.0
0.0
0.0
54.0
78.0
50.0
29.0,86.0
15.0
54.0
87.0
75.0
41.0,98.0
50.0
21.0
20.0
23.0
29.0,86.0
46.0
71.0
41.0,98.0
14.0
70.0
72.0
36.0,93.0
14.0
23.0
29.0,86.0
27.0,84.0
55.0
61.0
32.0
32.0
29.0
54.0
91.0
86.0
28.0
62.0
47.0
96.0
94.0
88.0
51.0
0.0
99.0
87.0
86.0
96.0
51.0
23.0
51.0
34.0
0.0
44.0,82.0
27.0,88.0
50.0,88.0
61.0,99.0
25.0,63.0
14.0,75.0
10.0,71.0
15.0,53.0
23.0,84.0
26.0,64.0
30.0,91.0
49.0,87.0
9.0,47.0
30.0,91.0
18.0,56.0
4.0,65.0
24.0,62.0
55.0,93.0
30.0,91.0
21.0,59.0
46.0,84.0
17.0,55.0
60.0,98.0
20.0,81.0
0.0
0.0
0.0
0.0
0.0
0.0
0.0
0.0
0.0
0.0
0.0
0.0
0.0
0.0
0.0
0.0
0.0
0.0
0.0
0.0
0.0
0.0
0.0
0.0
0.0
0.0
95.0
18.0
95.0
0.0
74.0
0.0
81.0
18.0
0.0
75.0
39.0
44.0
99.0
55.0
0.0
14.0
45.0
5.0
81.0
38.0
54.0
21.0
75.0
74.0
19.0
22.0
26.0
67.0
3.0,90.0
77.0
52.0
6.0,93.0
86.0
71.0
56.0
9.0,96.0
56.0
50.0
43.0
77.0
74.0
65.0
83.0
64.0
1.0,88.0
6.0,93.0
46.0
35.0
0.0
0.0
0.0
0.0
0.0
0.0
0.0
6.0
0.0
0.0
7.0
0.0
0.0
0.0
0.0
0.0
0.0
0.0
0.0
0.0
0.0
0.0
0.0
0.0
0.0
60.0,74.0
19.0,33.0
8.0,22.0
49.0,63.0
59.0,73.0
14.0,28.0
45.0,59.0
45.0,59.0
47.0,61.0
68.0,82.0
52.0,66.0
94.0
23.0,37.0
94.0
7.0,21.0
40.0,54.0
56.0,70.0
30.0,44.0
55.0,69.0
30.0,44.0
75.0,89.0
8.0
63.0,77.0
19.0,33.0
14.0,28.0
0.0
0.0
0.0
0.0
0.0
0.0
0.0
0.0
0.0
0.0
0.0
0.0
0.0
0.0
0.0
0.0
0.0
0.0
0.0
0.0
0.0
0.0
0.0
0.0
0.0
0.0
47.0
0.0
0.0
0.0
76.0
60.0
0.0
0.0
0.0
45.0
0.0
0.0
0.0
30.0
12.0
0.0
18.0
21.0
18.0
42.0
29.0
0.0
41.0
48.0
53.0,71.0,75.0
58.0,97.0
46.0,85.0
85.0
70.0,88.0,92.0
4.0,22.0,26.0,84.0
49.0,88.0
31.0,49.0,53.0
3.0,61.0
8.0,26.0,30.0,88.0
40.0,79.0
86.0
47.0,65.0,69.0
38.0,56.0,60.0
2.0,20.0,24.0,82.0
38.0,56.0,60.0
25.0,64.0
10.0,28.0,32.0,90.0
69.0,87.0,91.0
4.0,8.0,66.0
86.0
86.0
22.0,40.0,44.0
6.0,24.0,28.0,86.0
45.0,63.0,67.0
0.0
0.0
0.0
0.0
0.0
0.0
0.0
0.0
0.0
0.0
0.0
0.0
0.0
0.0
0.0
0.0
0.0
0.0
0.0
0.0
0.0
0.0
0.0
0.0
0.0
52.0
0.0
25.0,76.0
35.0,86.0
56.0
33.0,84.0
70.0
3.0,54.0
40.0,91.0
46.0,97.0
34.0,85.0
0.0
26.0,77.0
0.0
50.0,99.0
0.0
68.0
53.0
0.0
71.0
65.0
0.0
0.0
0.0
96.0
0.0
0.0
0.0
0.0
0.0
0.0
0.0
0.0
0.0
0.0
0.0
0.0
0.0
0.0
0.0
0.0
0.0
0.0
0.0
0.0
0.0
0.0
0.0
0.0
0.0
14.0
0.0
0.0
48.0,74.0
0.0
8.0,66.0,92.0
21.0
5.0,63.0,89.0
19.0
42.0,68.0
21.0,79.0
12.0
0.0
57.0,83.0
10.0
55.0,81.0
10.0
43.0
47.0,73.0
27.0,85.0
5.0
14.0,72.0,98.0
0.0
0.0
0.0
46.0
0.0
43.0
0.0
86.0
0.0
11.0
75.0
47.0
58.0
41.0
0.0
58.0
85.0
78.0
90.0
12.0
82.0
92.0
71.0
71.0
0.0
73.0
47.0
0.0
7.0,15.0,63.0
30.0,38.0,86.0
41.0
0.0
17.0,25.0,73.0
0.0
2.0
3.0,11.0,59.0
44.0,52.0
62.0,70.0
10.0
1.0,9.0,57.0
0.0
31.0,39.0,87.0
7.0
0.0
0.0
41.0,49.0,97.0
34.0
0.0
0.0
3.0,51.0
2.0
3.0,11.0,59.0
11.0
54.0,60.0,85.0
12.0,18.0,43.0,62.0
93.0,99.0
4.0
23.0,29.0,54.0,73.0
0.0
95.0
21.0,27.0,52.0,71.0
81.0,87.0
5.0
36.0,42.0,67.0,86.0
34.0,40.0,65.0,84.0
14.0
4.0,10.0,35.0,54.0
27.0,33.0,58.0,77.0
13.0,19.0,44.0,63.0
92.0,98.0
59.0,65.0,90.0
21.0,27.0,52.0,71.0
55.0,61.0,86.0
92.0,98.0
61.0,67.0,92.0
39.0,45.0,70.0,89.0
46.0,52.0,77.0,96.0
56.0,62.0,87.0
0.0
0.0
0.0
0.0
0.0
0.0
0.0
0.0
0.0
0.0
0.0
0.0
0.0
0.0
0.0
0.0
0.0
0.0
0.0
0.0
0.0
0.0
0.0
0.0
0.0
0.0
0.0
52.0
0.0
0.0
20.0
64.0
0.0
0.0
0.0
3.0
31.0
2.0
0.0
19.0
11.0
84.0
11.0
17.0
18.0
28.0
0.0
82.0
0.0
0.0
45.0,64.0,70.0
43.0,62.0,68.0
0.0
0.0
0.0
0.0
34.0,53.0,59.0
0.0
0.0
78.0,97.0
0.0
0.0
64.0,83.0,89.0
0.0
0.0
0.0
0.0
0.0
0.0
96.0
0.0
58.0,77.0,83.0
0.0
1.0,71.0
67.0,75.0
4.0,74.0
79.0
6.0
62.0
61.0
66.0
33.0
66.0
7.0,77.0
68.0,76.0
90.0,98.0
84.0
38.0
0.0
68.0
65.0
79.0,87.0
18.0
78.0
46.0
63.0
27.0
6.0,76.0
88.0
54.0
63.0
76.0
10.0,70.0
24.0,84.0
66.0
90.0
41.0
48.0
32.0
18.0,78.0
44.0
36.0
16.0,76.0
32.0
29.0
12.0
13.0,73.0
19.0
35.0
2.0,89.0
45.0
13.0,73.0
23.0
0.0
0.0
0.0
0.0
0.0
0.0
0.0
0.0
0.0
0.0
0.0
0.0
0.0
0.0
0.0
0.0
0.0
0.0
0.0
0.0
0.0
0.0
0.0
0.0
0.0
57.0
3.0
57.0
40.0,83.0
13.0,45.0
47.0
15.0
55.0,98.0
9.0
17.0,90.0
45.0
40.0
0.0
20.0,63.0,95.0
37.0,69.0
18.0,91.0
29.0
4.0,77.0
3.0,46.0,78.0
16.0,48.0
15.0,58.0,90.0
73.0
22.0
57.0
0.0
0.0
0.0
0.0
0.0
0.0
0.0
0.0
0.0
0.0
0.0
0.0
0.0
0.0
0.0
0.0
0.0
0.0
0.0
0.0
0.0
0.0
0.0
0.0
0.0
90.0
37.0,44.0
19.0,26.0
0.0
5.0,96.0
0.0
0.0
49.0
63.0
89.0
3.0,10.0
89.0
45.0
56.0
63.0
85.0
9.0
3.0
47.0
97.0
16.0
5.0,60.0,67.0
40.0,95.0
3.0,10.0
91.0
28.0,36.0,75.0
0.0
0.0
0.0
0.0
0.0
37.0,45.0,84.0
0.0
0.0
0.0
42.0,50.0,89.0
96.0
0.0
39.0
52.0,60.0,99.0
9.0,17.0,56.0
88.0
0.0
0.0
44.0,52.0,91.0
25.0
23.0,31.0,70.0
25.0
0.0
0.0
0.0
0.0
0.0
0.0
0.0
0.0
0.0
0.0
0.0
0.0
0.0
0.0
0.0
0.0
0.0
0.0
0.0
0.0
0.0
0.0
0.0
0.0
0.0
0.0
43.0,56.0,63.0,75.0
72.0,85.0,92.0
35.0,48.0,55.0,67.0
0.0
59.0,72.0,79.0,91.0
85.0,98.0
0.0
0.0
0.0
91.0
80.0,93.0
81.0,94.0
38.0,51.0,58.0,70.0
0.0
17.0,30.0,37.0,49.0
5.0,18.0,25.0,37.0
0.0
51.0,64.0,71.0,83.0
53.0,66.0,73.0,85.0
15.0,28.0,35.0,47.0
0.0
7.0,20.0,27.0,39.0
47.0,60.0,67.0,79.0
0.0
0.0
18.0,53.0,72.0,85.0
13.0,48.0,67.0,80.0
94.0
0.0
58.0,83.0
23.0,42.0,55.0
0.0
0.0
85.0
81.0
21.0,56.0,75.0,88.0
3.0,28.0,63.0,82.0,95.0
99.0
12.0,47.0,66.0,79.0
0.0
0.0
17.0,42.0,77.0,96.0
0.0
10.0,45.0,64.0,77.0
8.0
93.0
4.0,29.0,64.0,83.0,96.0
29.0,48.0,61.0
1.0,26.0,61.0,80.0,93.0
4.0,29.0,64.0,83.0,96.0
0.0
34.0,46.0,55.0
52.0,64.0,73.0
0.0
6.0
8.0,20.0,29.0,80.0
54.0,66.0,75.0
47.0
1.0,10.0,61.0
54.0
0.0
24.0
52.0,64.0,73.0
71.0,83.0,92.0
7.0,58.0
37.0
32.0
85.0,97.0
0.0
10.0
90.0
44.0
32.0
0.0
17.0,29.0,38.0,89.0
15.0,58.0
2.0,45.0
0.0
18.0
18.0
12.0,48.0,91.0
40.0,42.0,70.0
16.0,52.0,95.0
24.0,67.0
47.0,49.0,77.0
25.0,61.0
22.0,65.0
31.0
28.0,64.0
27.0,63.0
0.0
2.0,49.0,51.0,79.0
10.0,57.0,59.0,87.0
0.0
43.0
34.0,81.0,83.0
20.0
41.0,43.0,71.0
34.0,81.0,83.0
0.0
0.0
0.0
0.0
0.0
0.0
0.0
0.0
0.0
0.0
0.0
0.0
0.0
0.0
0.0
0.0
0.0
0.0
0.0
0.0
0.0
0.0
0.0
0.0
0.0
48.0
0.0
83.0,97.0
92.0
88.0
11.0
73.0,87.0
0.0
0.0
0.0
0.0
17.0
0.0
0.0
87.0
0.0
17.0
0.0
0.0
0.0
0.0
0.0
0.0
79.0,93.0
39.0,45.0
10.0
14.0
77.0
2.0,8.0,92.0
82.0,88.0
15.0,43.0
54.0,60.0
26.0
82.0,88.0
74.0,80.0
34.0,40.0
9.0,15.0,99.0
60.0,88.0
43.0,71.0
24.0,30.0
5.0
6.0,34.0
44.0,72.0
50.0,56.0
0.0
0.0
12.0,40.0
3.0
0.0
24.0
0.0
50.0,54.0,58.0
0.0
57.0,61.0,65.0
0.0
0.0
0.0
1.0,98.0
35.0
0.0
49.0
49.0
76.0
78.0
46.0,50.0,54.0
47.0
16.0
72.0,76.0,80.0
45.0,49.0,53.0
66.0,70.0,74.0
0.0
4.0
7.0
13.0,81.0
93.0
13.0,30.0,98.0
24.0
35.0,52.0
61.0
27.0
92.0
0.0
46.0,63.0
86.0
4.0,72.0
22.0,39.0
7.0,77.0,94.0
51.0
0.0
30.0
0.0
38.0
33.0
44.0
67.0
3.0,20.0,88.0
76.0
